"date_of_update","date","week","total_registerd","total_estimated","people_vaccinated","people_fully_vaccinated","ggd_total","hosp_total","care_total","ha_total","registerd_new","estimated_new","people_fully_vaccinated_new","ggd_new","hosp_new","care_new","ha_new"
2021-01-07,2021-01-06,1,3835,3835,6000,0,0,6000,0,0,0,3835,0,0,3835,0,0
2021-01-08,2021-01-07,1,15128,10221,15000,0,0,10221,0,0,9128,6386,9000,0,4221,0,0
2021-01-09,2021-01-08,1,27022,17996,27000,0,0,17996,0,0,11894,7775,12000,0,7775,0,0
2021-01-10,2021-01-09,1,32018,25760,30000,0,0,25760,0,0,4996,7764,3000,0,7764,0,0
2021-01-11,2021-01-10,1,33934,33753,31000,0,0,33753,0,0,1916,7993,1000,0,7993,0,0
2021-01-12,2021-01-11,2,42726,43344,35500,0,0,43344,0,0,8792,9591,4500,0,9591,0,0
2021-01-13,2021-01-12,2,45087,50390,45000,0,0,50390,0,0,2361,7046,9500,0,7046,0,0
2021-01-14,2021-01-13,2,47006,56048,47000,0,0,56048,0,0,1919,5658,2000,0,5658,0,0
2021-01-15,2021-01-14,2,49487,61703,47000,0,0,61703,0,0,2481,5655,0,0,5655,0,0
2021-01-16,2021-01-15,2,58332,67128,55000,0,0,67128,0,0,8845,5425,8000,0,5425,0,0
2021-01-17,2021-01-16,2,67447,72091,55000,0,0,72091,0,0,9115,4963,0,0,4963,0,0
2021-01-18,2021-01-17,2,77807,77054,77000,0,0,77054,0,0,10360,4963,22000,0,4963,0,0
2021-01-19,2021-01-18,3,88926,90493,77000,0,0,90493,0,0,11119,13439,0,0,13439,0,0
2021-01-20,2021-01-19,3,98832,103932,77000,0,0,103932,0,0,9906,13439,0,0,13439,0,0
2021-01-21,2021-01-20,3,116271,117370,100000,0,0,117370,0,0,17439,13438,23000,0,13438,0,0
2021-01-22,2021-01-21,3,131249,130805,100000,0,0,130805,0,0,14978,13435,0,0,13435,0,0
2021-01-23,2021-01-22,3,141243,145091,135000,0,0,145091,0,0,9994,14286,35000,0,14286,0,0
2021-01-24,2021-01-23,3,152495,155913,135000,0,0,155913,0,0,11252,10822,0,0,10822,0,0
2021-01-25,2021-01-24,3,147316,166734,150000,0,0,166734,0,0,-5179,10821,15000,0,10821,0,0
2021-01-26,2021-01-25,4,156809,182718,173638,0,0,182718,0,0,9493,15984,23638,0,15984,0,0
2021-01-27,2021-01-26,4,168527,202176,185356,0,0,202176,0,0,11718,19458,11718,0,19458,0,0
2021-01-28,2021-01-27,4,186621,228506,197250,6200,0,228506,0,0,18094,26330,11894,0,26330,0,0
2021-01-29,2021-01-28,4,198669,258776,209298,6200,0,258776,0,0,12048,30270,12048,0,30270,0,0
2021-01-30,2021-01-29,4,209469,293185,340590,6200,0,293185,0,0,10800,34409,131292,0,34409,0,0
2021-01-31,2021-01-30,4,233502,324095,330381,13500,0,324095,0,0,24033,30910,-10209,0,30910,0,0
2021-02-01,2021-01-31,4,248055,352204,317381,26500,0,352204,0,0,14553,28109,-13000,0,28109,0,0
2021-02-02,2021-02-01,5,277275,386665,341908,34000,0,386665,0,0,29220,34461,24527,0,34461,0,0
2021-02-03,2021-02-02,5,303702,421289,378093,38000,0,421289,0,0,26427,34624,36185,0,34624,0,0
2021-02-04,2021-02-03,5,330494,454098,416998,38000,0,454098,0,0,26792,32809,38905,0,32809,0,0
2021-02-05,2021-02-04,5,356517,488691,456035,39500,0,488691,0,0,26023,34593,39037,0,34593,0,0
2021-02-06,2021-02-05,5,382975,521967,493217,39500,0,521967,0,0,26458,33276,37182,0,33276,0,0
2021-02-07,2021-02-06,5,414198,549695,513863,55000,0,549695,0,0,31223,27728,20646,0,27728,0,0
2021-02-08,2021-02-07,6,414858,573344,504952,66409,0,573344,0,0,660,23649,-8911,0,23649,0,0
2021-02-09,2021-02-08,6,434417,606478,529525,66409,0,606478,0,0,19559,33134,24573,0,33134,0,0
2021-02-10,2021-02-09,6,460252,638764,559737,66409,0,638764,0,0,25835,32286,30212,0,32286,0,0
2021-02-11,2021-02-10,6,489558,670735,593875,66409,0,670735,0,0,29306,31971,34138,0,31971,0,0
2021-02-12,2021-02-11,6,518710,702667,612536,82352,0,702667,0,0,29152,31932,18661,0,31932,0,0
2021-02-13,2021-02-12,6,548430,734598,642823,82352,0,734598,0,0,29720,31931,30287,0,31931,0,0
2021-02-14,2021-02-13,6,577620,763058,617459,136906,0,763058,0,0,29190,28460,-25364,0,28460,0,0
2021-02-15,2021-02-14,6,606861,791515,636934,146672,0,791515,0,0,29241,28457,19475,0,28457,0,0
2021-02-16,2021-02-15,7,623539,823122,644312,156593,0,823122,0,0,16678,31607,7378,0,31607,0,0
2021-02-17,2021-02-16,7,654186,854728,667687,168242,0,854728,0,0,30647,31606,23375,0,31606,0,0
2021-02-18,2021-02-17,7,687306,890100,694959,180000,0,890100,0,0,33120,35372,27272,0,35372,0,0
2021-02-19,2021-02-18,7,719632,926819,723460,192253,0,926819,0,0,32326,36719,28501,0,36719,0,0
2021-02-20,2021-02-19,7,750899,965829,736192,222253,0,965829,0,0,31267,39010,12732,0,39010,0,0
2021-02-21,2021-02-20,7,779889,1003908,754182,233253,0,1003908,0,0,28990,38079,17990,0,38079,0,0
2021-02-22,2021-02-21,8,806744,1041982,781037,233253,0,1041982,0,0,26855,38074,26855,0,38074,0,0
2021-02-23,2021-02-22,8,835554,1079763,829618,233253,0,1079763,0,0,28810,37781,48581,0,37781,0,0
2021-02-24,2021-02-23,8,862964,1123430,878283,234253,0,1123430,0,0,27410,43667,48665,0,43667,0,0
2021-02-25,2021-02-24,8,891621,1173992,876977,292325,0,1173992,0,0,28657,50562,-1306,0,50562,0,0
2021-02-26,2021-02-25,8,915793,1227393,927144,309048,0,1227393,0,0,24172,53401,50167,0,53401,0,0
2021-02-27,2021-02-26,8,934595,1285294,964307,321435,0,1285294,0,0,18802,57901,37163,0,57901,0,0
2021-02-28,2021-02-27,8,952919,1338194,989256,329752,0,1338194,0,0,18324,52900,24949,0,52900,0,0
2021-03-01,2021-02-28,8,968765,1387227,1002503,334167,0,1387227,0,0,15846,49033,13247,0,49033,0,0
2021-03-02,2021-03-01,9,990389,1432509,1034742,344913,0,1432509,0,0,21624,45282,32239,0,45282,0,0
2021-03-03,2021-03-02,9,1011426,1478901,1068990,356329,0,1478901,0,0,21037,46392,34248,0,46392,0,0
2021-03-04,2021-03-03,9,1031922,1523551,1102968,367655,0,1523551,0,0,20496,44650,33978,0,44650,0,0
2021-03-05,2021-03-04,9,1054615,1567646,1145261,381753,0,1567646,0,0,22693,44095,42293,0,44095,0,0
2021-03-06,2021-03-05,9,1074650,1610007,1178489,392829,0,1610007,0,0,20035,42361,33228,0,42361,0,0
2021-03-07,2021-03-06,9,1094332,1648391,1197192,399064,0,1648391,0,0,19682,38384,18703,0,38384,0,0
2021-03-08,2021-03-07,9,1116491,1682777,1279872,340218,0,1682777,0,0,22159,34386,82680,0,34386,0,0
2021-03-09,2021-03-08,10,1142359,1723874,1242184,414061,0,1723874,0,0,25868,41097,-37688,0,41097,0,0
2021-03-10,2021-03-09,10,1175502,1765618,1272374,424124,0,1765618,0,0,33143,41744,30190,0,41744,0,0
2021-03-11,2021-03-10,10,1206947,1807417,1305072,435023,0,1807417,0,0,31445,41799,32698,0,41799,0,0
2021-03-12,2021-03-11,10,1238446,1849157,1338552,446183,0,1849157,0,0,31499,41740,33480,0,41740,0,0
2021-03-13,2021-03-12,10,1273892,1888710,1374722,458240,0,1888710,0,0,35446,39553,36170,0,39553,0,0
2021-03-14,2021-03-13,10,1306477,1928257,1399161,466386,0,1928257,0,0,32585,39547,24439,0,39547,0,0
2021-03-15,2021-03-14,10,1333619,1967781,1419517,473172,0,1967781,0,0,27142,39524,20356,0,39524,0,0
2021-03-16,2021-03-15,11,1355237,1998204,1417524,498048,0,1998204,0,0,21618,30423,-1993,0,30423,0,0
2021-03-17,2021-03-16,11,1385181,2028828,1440513,506126,0,2028828,0,0,29944,30624,22989,0,30624,0,0
2021-03-18,2021-03-17,11,1410860,2059674,1463146,514078,0,2059674,0,0,25679,30846,22633,0,30846,0,0
2021-03-19,2021-03-18,11,1438790,2090408,1486124,522151,0,2090408,0,0,27930,30734,22978,0,30734,0,0
2021-03-20,2021-03-19,11,1467492,2120806,1510290,530642,0,2120806,0,0,28702,30398,24166,0,30398,0,0
2021-03-21,2021-03-20,11,1497034,2151199,1532151,538323,0,2151199,0,0,29542,30393,21861,0,30393,0,0
2021-03-22,2021-03-21,11,1524791,2181590,1552695,545541,0,2181590,0,0,27757,30391,20544,0,30391,0,0
2021-03-23,2021-03-22,12,1545680,2211938,1509048,613381,0,2211938,0,0,20889,30348,-43647,0,30348,0,0
2021-03-24,2021-03-23,12,1568271,2245919,1540360,626109,0,2245919,0,0,22591,33981,31312,0,33981,0,0
2021-03-25,2021-03-24,12,1598336,2291925,1581594,642869,0,2291925,0,0,30065,46006,41234,0,46006,0,0
2021-03-26,2021-03-25,12,1630405,2337869,1612647,655492,0,2337869,0,0,32069,45944,31053,0,45944,0,0
2021-03-27,2021-03-26,12,1660175,2385592,1652088,671523,0,2385592,0,0,29770,47723,39441,0,47723,0,0
2021-03-28,2021-03-27,12,1692022,2432298,1695930,659528,0,2432298,0,0,31847,46706,43842,0,46706,0,0
2021-03-29,2021-03-28,12,1712853,2479000,1712741,666065,0,2479000,0,0,20831,46702,16811,0,46702,0,0
2021-03-30,2021-03-29,13,1750355,2541889,1732463,707625,0,2541889,0,0,37502,62889,19722,0,62889,0,0
2021-03-31,2021-03-30,13,1788530,2608677,1778751,726532,0,2608677,0,0,38175,66788,46288,0,66788,0,0
2021-04-01,2021-03-31,13,1826740,2681143,1830139,747521,0,2681143,0,0,38210,72466,51388,0,72466,0,0
2021-04-02,2021-04-01,13,1868323,2753437,1891538,772600,0,2753437,0,0,41583,72294,61399,0,72294,0,0
2021-04-03,2021-04-02,13,1911011,2827949,1946852,795192,0,2827949,0,0,42688,74512,55314,0,74512,0,0
2021-04-04,2021-04-03,13,1949866,2878418,1976140,807155,0,2878418,0,0,38855,50469,29288,0,50469,0,0
2021-04-05,2021-04-04,13,1986283,2927288,2001996,817716,0,2927288,0,0,36417,48870,25856,0,48870,0,0
2021-04-06,2021-04-05,14,2027647,2981553,2065707,843739,0,2981553,0,0,41364,54265,63711,0,54265,0,0
2021-04-07,2021-04-06,14,2072009,3063541,2104409,859546,0,3063541,0,0,44362,81988,38702,0,81988,0,0
2021-04-08,2021-04-07,14,2118557,3156503,2141547,874716,0,3156503,0,0,46548,92962,37138,0,92962,0,0
2021-04-09,2021-04-08,14,2167694,3257495,2185836,892805,0,3257495,0,0,49137,100992,44289,0,100992,0,0
2021-04-10,2021-04-09,14,2216144,3363676,2257855,878054,0,3363676,0,0,48450,106181,72019,0,106181,0,0
2021-04-11,2021-04-10,14,2263071,3464778,2291642,891194,0,3464778,0,0,46927,101102,33787,0,101102,0,0
2021-04-12,2021-04-11,14,2263071,3564680,2291642,891194,0,3564680,0,0,0,99902,0,0,99902,0,0
2021-04-13,2021-04-12,15,2263049,3682843,3042362,858102,0,3682843,0,0,-22,118163,0,0,118163,0,0
2021-04-14,2021-04-13,15,2328980,3800899,3136253,884583,0,3800899,0,0,65931,118056,26481,0,118056,0,0
2021-04-15,2021-04-14,15,2395212,3918546,3226882,910145,0,3918546,0,0,66232,117647,25562,0,117647,0,0
2021-04-16,2021-04-15,15,2460952,4033340,3317454,935692,0,4033340,0,0,65740,114794,25547,0,114794,0,0
2021-04-17,2021-04-16,15,2526423,4145360,3404319,960192,0,4145360,0,0,65471,112020,24500,0,112020,0,0
2021-04-18,2021-04-17,15,2591512,4252961,3489472,984210,0,4252961,0,0,65089,107601,24018,0,107601,0,0
2021-04-19,2021-04-18,15,2654228,4358385,3571373,1007310,0,4358385,0,0,62716,105424,23100,0,105424,0,0
2021-04-20,2021-04-19,16,2726273,4465186,3722516,965791,0,4465186,0,0,72045,106801,-41519,0,106801,0,0
2021-04-21,2021-04-20,16,2796491,4567920,3801008,986155,0,4567920,0,0,70218,102734,20364,0,102734,0,0
2021-04-22,2021-04-21,16,2865487,4659624,3869658,1003966,0,4659624,0,0,68996,91704,17811,0,91704,0,0
2021-04-23,2021-04-22,16,2935098,4743612,3932463,1020261,0,4743612,0,0,69611,83988,16295,0,83988,0,0
2021-04-24,2021-04-23,16,3005664,4826634,4001272,1038113,0,4826634,0,0,70566,83022,17852,0,83022,0,0
2021-04-25,2021-04-24,16,3075486,4909615,3880412,1111391,0,4909615,0,0,69822,82981,18289,0,82981,0,0
2021-04-26,2021-04-25,16,3141439,4992375,3880857,1111518,0,4992375,0,0,65953,82760,16341,0,82760,0,0
2021-04-27,2021-04-26,17,3214433,5084304,3952318,1131986,0,5084304,0,0,72994,91929,17790,0,91929,0,0
2021-04-28,2021-04-27,17,3285136,5176010,4023607,1152403,3285136,5176010,908244,982630,0,91706,0,0,91706,0,0
2021-04-29,2021-04-28,17,3357134,5265860,4091574,1174286,3357134,0,918052,990674,71998,89850,30766,71998,0,9808,8044
2021-04-30,2021-04-29,17,3429039,5360802,4165344,1195458,3429039,0,927824,1003939,71905,94942,30055,71905,0,9772,13265
2021-05-01,2021-04-30,17,3498185,5455349,4238807,1216542,3498185,0,937631,1019533,69146,94547,29967,69146,0,9807,15594
2021-05-02,2021-05-01,17,3573168,5557642,4318288,1239354,3573168,0,947412,1037062,74983,102293,31695,74983,0,9781,17529
2021-05-03,2021-05-02,17,3641673,5651041,4390859,1298182,3641673,0,957161,1052207,68505,93399,58828,68505,0,9749,15145
2021-05-04,2021-05-03,18,3724767,5757731,4531911,1277436,3724767,0,966893,1066071,83094,106690,-20746,83094,0,9732,13864
2021-05-05,2021-05-04,18,3806799,5860446,4612758,1305771,3806799,0,972590,1081057,82032,102715,28335,82032,0,5697,14986
2021-05-06,2021-05-05,18,3896411,5980676,4707391,1337835,3896411,0,989443,1094822,89612,120230,32064,89612,0,16853,13765
2021-05-07,2021-05-06,18,3979256,6101271,4802311,1369977,3979256,0,1009672,1112343,82845,120595,32142,82845,0,20229,17521
2021-05-08,2021-05-07,18,4066136,6224773,4899519,1402738,4066136,0,1033211,1125426,86880,123502,32761,86880,0,23539,13083
2021-05-09,2021-05-08,18,4153046,6346699,4995487,1435162,4153046,0,1051314,1142339,86910,121926,32424,86910,0,18103,16913
