date_of_update,date,week,total_registerd,total_estimated,people_vaccinated,people_fully_vaccinated,ggd_total,hosp_total,care_total,ha_total,registerd_new,estimated_new,people_fully_vaccinated_new,ggd_new,hosp_new,care_new,ha_new
2021-01-07,2021-01-06,1,3835,3836,6000,0,0,6000,0,0,0,3835,0,0,3835,0,0
2021-01-08,2021-01-07,1,15128,10223,15000,0,0,10223,0,0,9128,6387,9000,0,6387,0,0
2021-01-09,2021-01-08,1,27022,17998,27000,0,0,17998,0,0,11894,7775,12000,0,7775,0,0
2021-01-10,2021-01-09,1,32018,25763,30000,0,0,25763,0,0,4996,7765,3000,0,7765,0,0
2021-01-11,2021-01-10,1,33934,33757,31000,0,0,33757,0,0,1916,7994,1000,0,7994,0,0
2021-01-12,2021-01-11,2,42726,43349,35500,0,0,43349,0,0,8792,9592,4500,0,9592,0,0
2021-01-13,2021-01-12,2,45087,50395,45000,0,0,50395,0,0,2361,7046,9500,0,7046,0,0
2021-01-14,2021-01-13,2,47006,56054,47000,0,0,56054,0,0,1919,5659,2000,0,5659,0,0
2021-01-15,2021-01-14,2,49487,61709,47000,0,0,61709,0,0,2481,5655,0,0,5655,0,0
2021-01-16,2021-01-15,2,58332,67135,55000,0,0,67135,0,0,8845,5426,8000,0,5426,0,0
2021-01-17,2021-01-16,2,67447,72098,55000,0,0,72098,0,0,9115,4963,0,0,4963,0,0
2021-01-18,2021-01-17,2,77807,77062,77000,0,0,77062,0,0,10360,4964,22000,0,4964,0,0
2021-01-19,2021-01-18,3,88926,90501,77000,0,0,90501,0,0,11119,13439,0,0,13439,0,0
2021-01-20,2021-01-19,3,98832,103941,77000,0,0,103941,0,0,9906,13440,0,0,13440,0,0
2021-01-21,2021-01-20,3,116271,117379,100000,0,0,117379,0,0,17439,13438,23000,0,13438,0,0
2021-01-22,2021-01-21,3,131249,130814,100000,0,0,130814,0,0,14978,13435,0,0,13435,0,0
2021-01-23,2021-01-22,3,141243,145100,135000,0,0,145100,0,0,9994,14286,35000,0,14286,0,0
2021-01-24,2021-01-23,3,152495,155923,135000,0,0,155923,0,0,11252,10823,0,0,10823,0,0
2021-01-25,2021-01-24,3,147316,166744,150000,0,0,166744,0,0,-5179,10821,15000,0,10821,0,0
2021-01-26,2021-01-25,4,156809,182784,173638,0,0,182784,0,0,9493,16040,23638,0,16040,0,0
2021-01-27,2021-01-26,4,168527,202298,185356,0,0,202298,0,0,11718,19514,11718,0,19514,0,0
2021-01-28,2021-01-27,4,186621,228684,197250,6200,0,228684,0,0,18094,26386,11894,0,26386,0,0
2021-01-29,2021-01-28,4,198669,259011,209298,6200,0,259011,0,0,12048,30327,12048,0,30327,0,0
2021-01-30,2021-01-29,4,209469,293476,340590,6200,0,293476,0,0,10800,34465,131292,0,34465,0,0
2021-01-31,2021-01-30,4,233502,324442,330381,13500,0,324442,0,0,24033,30966,-10209,0,30966,0,0
2021-02-01,2021-01-31,4,248055,352607,317381,26500,0,352607,0,0,14553,28165,-13000,0,28165,0,0
2021-02-02,2021-02-01,5,277275,387079,341908,34000,0,387079,0,0,29220,34472,24527,0,34472,0,0
2021-02-03,2021-02-02,5,303702,421714,378093,38000,0,421714,0,0,26427,34635,36185,0,34635,0,0
2021-02-04,2021-02-03,5,330494,454534,416998,38000,0,454534,0,0,26792,32820,38905,0,32820,0,0
2021-02-05,2021-02-04,5,356517,489139,456035,39500,0,489139,0,0,26023,34605,39037,0,34605,0,0
2021-02-06,2021-02-05,5,382975,522426,493217,39500,0,522426,0,0,26458,33287,37182,0,33287,0,0
2021-02-07,2021-02-06,5,414198,550165,513863,55000,0,550165,0,0,31223,27739,20646,0,27739,0,0
2021-02-08,2021-02-07,6,414858,573825,504952,66409,0,573825,0,0,660,23660,-8911,0,23660,0,0
2021-02-09,2021-02-08,6,434417,606977,529525,66409,0,606977,0,0,19559,33152,24573,0,33152,0,0
2021-02-10,2021-02-09,6,460252,639281,559737,66409,0,639281,0,0,25835,32304,30212,0,32304,0,0
2021-02-11,2021-02-10,6,489558,671270,593875,66409,0,671270,0,0,29306,31989,34138,0,31989,0,0
2021-02-12,2021-02-11,6,518710,703221,612536,82352,0,703221,0,0,29152,31951,18661,0,31951,0,0
2021-02-13,2021-02-12,6,548430,735170,642823,82352,0,735170,0,0,29720,31949,30287,0,31949,0,0
2021-02-14,2021-02-13,6,577620,763648,617459,136906,0,763648,0,0,29190,28478,-25364,0,28478,0,0
2021-02-15,2021-02-14,6,606861,792123,636934,146672,0,792123,0,0,29241,28475,19475,0,28475,0,0
2021-02-16,2021-02-15,7,623539,823781,644312,156593,0,823781,0,0,16678,31658,7378,0,31658,0,0
2021-02-17,2021-02-16,7,654186,855438,667687,168242,0,855438,0,0,30647,31657,23375,0,31657,0,0
2021-02-18,2021-02-17,7,687306,890861,694959,180000,0,890861,0,0,33120,35423,27272,0,35423,0,0
2021-02-19,2021-02-18,7,719632,927630,723460,192253,0,927630,0,0,32326,36769,28501,0,36769,0,0
2021-02-20,2021-02-19,7,750899,966691,736192,222253,0,966691,0,0,31267,39061,12732,0,39061,0,0
2021-02-21,2021-02-20,7,779889,1004821,754182,233253,0,1004821,0,0,28990,38130,17990,0,38130,0,0
2021-02-22,2021-02-21,8,806744,1042946,781037,233253,0,1042946,0,0,26855,38125,26855,0,38125,0,0
2021-02-23,2021-02-22,8,835554,1080803,829618,233253,0,1080803,0,0,28810,37857,48581,0,37857,0,0
2021-02-24,2021-02-23,8,862964,1124546,878283,234253,0,1124546,0,0,27410,43743,48665,0,43743,0,0
2021-02-25,2021-02-24,8,891621,1175184,876977,292325,0,1175184,0,0,28657,50638,-1306,0,50638,0,0
2021-02-26,2021-02-25,8,915793,1228660,927144,309048,0,1228660,0,0,24172,53476,50167,0,53476,0,0
2021-02-27,2021-02-26,8,934595,1286637,964307,321435,0,1286637,0,0,18802,57977,37163,0,57977,0,0
2021-02-28,2021-02-27,8,952919,1339613,989256,329752,0,1339613,0,0,18324,52976,24949,0,52976,0,0
2021-03-01,2021-02-28,8,968765,1388722,1002503,334167,0,1388722,0,0,15846,49109,13247,0,49109,0,0
2021-03-02,2021-03-01,9,990389,1434055,1034742,344913,0,1434055,0,0,21624,45333,32239,0,45333,0,0
2021-03-03,2021-03-02,9,1011426,1480498,1068990,356329,0,1480498,0,0,21037,46443,34248,0,46443,0,0
2021-03-04,2021-03-03,9,1031922,1525199,1102968,367655,0,1525199,0,0,20496,44701,33978,0,44701,0,0
2021-03-05,2021-03-04,9,1054615,1569345,1145261,381753,0,1569345,0,0,22693,44146,42293,0,44146,0,0
2021-03-06,2021-03-05,9,1074650,1611757,1178489,392829,0,1611757,0,0,20035,42412,33228,0,42412,0,0
2021-03-07,2021-03-06,9,1094332,1650192,1197192,399064,0,1650192,0,0,19682,38435,18703,0,38435,0,0
2021-03-08,2021-03-07,9,1116491,1684629,1279872,340218,0,1684629,0,0,22159,34437,82680,0,34437,0,0
2021-03-09,2021-03-08,10,1142359,1725930,1242184,414061,0,1725930,0,0,25868,41301,-37688,0,41301,0,0
2021-03-10,2021-03-09,10,1175502,1767878,1272374,424124,0,1767878,0,0,33143,41948,30190,0,41948,0,0
2021-03-11,2021-03-10,10,1206947,1809881,1305072,435023,0,1809881,0,0,31445,42003,32698,0,42003,0,0
2021-03-12,2021-03-11,10,1238446,1851826,1338552,446183,0,1851826,0,0,31499,41945,33480,0,41945,0,0
2021-03-13,2021-03-12,10,1273892,1891583,1374722,458240,0,1891583,0,0,35446,39757,36170,0,39757,0,0
2021-03-14,2021-03-13,10,1306477,1931334,1399161,466386,0,1931334,0,0,32585,39751,24439,0,39751,0,0
2021-03-15,2021-03-14,10,1333619,1971062,1419517,473172,0,1971062,0,0,27142,39728,20356,0,39728,0,0
2021-03-16,2021-03-15,11,1355237,2001500,1417524,498048,0,2001500,0,0,21618,30438,-1993,0,30438,0,0
2021-03-17,2021-03-16,11,1385181,2032139,1440513,506126,0,2032139,0,0,29944,30639,22989,0,30639,0,0
2021-03-18,2021-03-17,11,1410860,2063000,1463146,514078,0,2063000,0,0,25679,30861,22633,0,30861,0,0
2021-03-19,2021-03-18,11,1438790,2093750,1486124,522151,0,2093750,0,0,27930,30750,22978,0,30750,0,0
2021-03-20,2021-03-19,11,1467492,2124163,1510290,530642,0,2124163,0,0,28702,30413,24166,0,30413,0,0
2021-03-21,2021-03-20,11,1497034,2154571,1532151,538323,0,2154571,0,0,29542,30408,21861,0,30408,0,0
2021-03-22,2021-03-21,11,1524791,2184977,1552695,545541,0,2184977,0,0,27757,30406,20544,0,30406,0,0
2021-03-23,2021-03-22,12,1545680,2215454,1509048,613381,0,2215454,0,0,20889,30477,-43647,0,30477,0,0
2021-03-24,2021-03-23,12,1568271,2249563,1540360,626109,0,2249563,0,0,22591,34109,31312,0,34109,0,0
2021-03-25,2021-03-24,12,1598336,2295698,1581594,642869,0,2295698,0,0,30065,46135,41234,0,46135,0,0
2021-03-26,2021-03-25,12,1630405,2341770,1612647,655492,0,2341770,0,0,32069,46072,31053,0,46072,0,0
2021-03-27,2021-03-26,12,1660175,2389622,1652088,671523,0,2389622,0,0,29770,47852,39441,0,47852,0,0
2021-03-28,2021-03-27,12,1692022,2436456,1695930,659528,0,2436456,0,0,31847,46834,43842,0,46834,0,0
2021-03-29,2021-03-28,12,1712853,2483287,1712741,666065,0,2483287,0,0,20831,46831,16811,0,46831,0,0
2021-03-30,2021-03-29,13,1750355,2546738,1732463,707625,0,2546738,0,0,37502,63451,19722,0,63451,0,0
2021-03-31,2021-03-30,13,1788530,2614088,1778751,726532,0,2614088,0,0,38175,67350,46288,0,67350,0,0
2021-04-01,2021-03-31,13,1826740,2687116,1830139,747521,0,2687116,0,0,38210,73028,51388,0,73028,0,0
2021-04-02,2021-04-01,13,1868323,2759971,1891538,772600,0,2759971,0,0,41583,72855,61399,0,72855,0,0
2021-04-03,2021-04-02,13,1911011,2835045,1946852,795192,0,2835045,0,0,42688,75074,55314,0,75074,0,0
2021-04-04,2021-04-03,13,1949866,2886076,1976140,807155,0,2886076,0,0,38855,51031,29288,0,51031,0,0
2021-04-05,2021-04-04,13,1986283,2935508,2001996,817716,0,2935508,0,0,36417,49432,25856,0,49432,0,0
2021-04-06,2021-04-05,14,2027647,2990807,2065707,843739,0,2990807,0,0,41364,55299,63711,0,55299,0,0
2021-04-07,2021-04-06,14,2072009,3073830,2104409,859546,0,3073830,0,0,44362,83023,38702,0,83023,0,0
2021-04-08,2021-04-07,14,2118557,3167826,2141547,874716,0,3167826,0,0,46548,93996,37138,0,93996,0,0
2021-04-09,2021-04-08,14,2167694,3269852,2185836,892805,0,3269852,0,0,49137,102026,44289,0,102026,0,0
2021-04-10,2021-04-09,14,2216144,3377067,2257855,878054,0,3377067,0,0,48450,107215,72019,0,107215,0,0
2021-04-11,2021-04-10,14,2263071,3479204,2291642,891194,0,3479204,0,0,46927,102137,33787,0,102137,0,0
2021-04-12,2021-04-11,14,2263071,3580140,2291642,891194,0,3580140,0,0,0,100936,0,0,100936,0,0
2021-04-13,2021-04-12,15,2263049,3700903,3042362,858102,0,3700903,0,0,-22,120763,0,0,120763,0,0
2021-04-14,2021-04-13,15,2328980,3821559,3136253,884583,0,3821559,0,0,65931,120656,26481,0,120656,0,0
2021-04-15,2021-04-14,15,2395212,3941806,3226882,910145,0,3941806,0,0,66232,120247,25562,0,120247,0,0
2021-04-16,2021-04-15,15,2460952,4059199,3317454,935692,0,4059199,0,0,65740,117393,25547,0,117393,0,0
2021-04-17,2021-04-16,15,2526423,4173819,3404319,960192,0,4173819,0,0,65471,114620,24500,0,114620,0,0
2021-04-18,2021-04-17,15,2591512,4284020,3489472,984210,0,4284020,0,0,65089,110201,24018,0,110201,0,0
2021-04-19,2021-04-18,15,2654228,4392044,3571373,1007310,0,4392044,0,0,62716,108024,23100,0,108024,0,0
2021-04-20,2021-04-19,16,2726273,4503322,3722516,965791,0,4503322,0,0,72045,111278,-41519,0,111278,0,0
2021-04-21,2021-04-20,16,2796491,4610534,3801008,986155,0,4610534,0,0,70218,107212,20364,0,107212,0,0
2021-04-22,2021-04-21,16,2865487,4706715,3869658,1003966,0,4706715,0,0,68996,96181,17811,0,96181,0,0
2021-04-23,2021-04-22,16,2935098,4795181,3932463,1020261,0,4795181,0,0,69611,88466,16295,0,88466,0,0
2021-04-24,2021-04-23,16,3005664,4882680,4001272,1038113,0,4882680,0,0,70566,87499,17852,0,87499,0,0
2021-04-25,2021-04-24,16,3075486,4970139,3880412,1111391,0,4970139,0,0,69822,87459,18289,0,87459,0,0
2021-04-26,2021-04-25,16,3141439,5057376,3880857,1111518,0,5057376,0,0,65953,87237,16341,0,87237,0,0
2021-04-27,2021-04-26,17,3214433,5155007,3952318,1131986,0,5155007,0,0,72994,97631,17790,0,97631,0,0
2021-04-28,2021-04-27,17,3285136,5252414,4023607,1152403,0,5252414,0,0,0,97407,0,0,97407,0,0
2021-04-29,2021-04-28,17,3357134,5347966,4091574,1174286,0,5347966,0,0,71998,95552,30766,0,95552,0,0
2021-04-30,2021-04-29,17,3429039,5448609,4165344,1195458,0,5448609,0,0,71905,100643,30055,0,100643,0,0
2021-05-01,2021-04-30,17,3498185,5548858,4238807,1216542,0,5548858,0,0,69146,100249,29967,0,100249,0,0
2021-05-02,2021-05-01,17,3573168,5656852,4318288,1239354,0,5656852,0,0,74983,107994,31695,0,107994,0,0
2021-05-03,2021-05-02,17,3641673,5755953,4390859,1298182,0,5755953,0,0,68505,99101,58828,0,99101,0,0
2021-05-04,2021-05-03,18,3724767,5865787,4531911,1277436,0,5865787,0,0,83094,109834,-20746,0,109834,0,0
2021-05-05,2021-05-04,18,3806799,5971646,4612758,1305771,0,5971646,0,0,82032,105859,28335,0,105859,0,0
2021-05-06,2021-05-05,18,3896411,6095020,4707391,1337835,0,6095020,0,0,89612,123374,32064,0,123374,0,0
2021-05-07,2021-05-06,18,3979256,6218760,4802311,1369977,0,6218760,0,0,82845,123740,32142,0,123740,0,0
2021-05-08,2021-05-07,18,4066136,6345406,4899519,1402738,0,6345406,0,0,86880,126646,32761,0,126646,0,0
2021-05-09,2021-05-08,18,4153046,6470476,4995487,1435162,0,6470476,0,0,86910,125070,32424,0,125070,0,0
2021-05-10,2021-05-09,18,4237149,6589419,5086633,1465819,0,6589419,0,0,84103,118943,30657,0,118943,0,0
2021-05-11,2021-05-10,19,4338718,6717694,5186011,1510220,0,6717694,0,0,101569,128275,44401,0,128275,0,0
2021-05-12,2021-05-11,19,4440285,6853857,5192100,1644283,0,6853857,0,0,101567,136163,134063,0,136163,0,0
2021-05-13,2021-05-12,19,4545918,7008068,5309640,1684942,0,7008068,0,0,105633,154211,40659,0,154211,0,0
2021-05-14,2021-05-13,19,4651169,7157758,5423690,1724571,0,7157758,0,0,105251,149690,39629,0,149690,0,0
2021-05-15,2021-05-14,19,4757475,7298925,5531156,1762260,0,7298925,0,0,106306,141167,37689,0,141167,0,0
2021-05-16,2021-05-15,19,4865430,7448364,5645012,1803686,0,7448364,0,0,107955,149439,41426,0,149439,0,0
2021-05-17,2021-05-16,19,4970072,7589934,5662043,1911259,0,7589934,0,0,104642,141570,17031,0,141570,0,0
2021-05-18,2021-05-17,20,5088277,7744464,5776748,2014215,0,7744464,0,0,118205,154530,102956,0,154530,0,0
2021-05-19,2021-05-18,20,5206856,7898773,5892162,2116267,0,7898773,0,0,118579,154309,102052,0,154309,0,0
2021-05-20,2021-05-19,20,5326646,8047416,6003269,2216959,0,8047416,0,0,119790,148643,100692,0,148643,0,0
2021-05-21,2021-05-20,20,5446646,8191558,6110955,2316572,0,8191558,0,0,120000,144142,99613,0,144142,0,0
2021-05-22,2021-05-21,20,5567153,8335189,6218253,2110906,0,8335189,0,0,120507,143631,-205666,0,143631,0,0
2021-05-23,2021-05-22,20,5687618,8477203,6324322,2148977,0,8477203,0,0,120465,142014,38071,0,142014,0,0
2021-05-24,2021-05-23,20,5805508,8616111,6428030,2186304,0,8616111,0,0,117890,138908,37327,0,138908,0,0
2021-05-25,2021-05-24,21,5875492,8702725,6492476,2214303,0,8702725,0,0,114034,86614,27999,0,86614,0,0
2021-05-26,2021-05-25,21,5965476,8805285,6223302,2577736,0,8805285,0,0,114034,102560,363433,0,102560,0,0
2021-05-27,2021-05-26,21,6147610,9004501,6223302,2585483,0,9004501,0,0,114034,199216,7747,0,199216,0,0
2021-05-28,2021-05-27,21,6261901,9137234,6459690,2685158,0,9137234,0,0,114291,132733,99675,0,132733,0,0
2021-05-29,2021-05-28,21,6378878,9296269,6551683,2728680,0,9296269,0,0,116977,159035,43522,0,159035,0,0
2021-05-30,2021-05-29,21,6495362,9456080,6646344,2773240,0,9456080,0,0,116484,159811,44560,0,159811,0,0
2021-05-31,2021-05-30,21,6608786,9608511,6737150,2816298,0,9608511,0,0,113424,152431,43058,0,152431,0,0
2021-06-01,2021-05-31,22,6731214,9767088,6833181,2871133,0,9767088,0,0,122428,158577,54835,0,158577,0,0
2021-06-02,2021-06-01,22,6854442,9933050,7031672,3020815,0,9933050,0,0,123228,165962,149682,0,165962,0,0
2021-06-03,2021-06-02,22,6979034,10099126,7152706,3093884,0,10099126,0,0,124592,166076,73069,0,166076,0,0
2021-06-04,2021-06-03,22,7105736,10272295,7278847,3168939,0,10272295,0,0,126702,173169,75055,0,173169,0,0
2021-06-05,2021-06-04,22,7236449,10438618,7400059,3242077,0,10438618,0,0,130713,166323,73138,0,166323,0,0
2021-06-06,2021-06-05,22,7372958,10603208,7520022,3314730,0,10603208,0,0,136509,164590,72653,0,164590,0,0
2021-06-07,2021-06-06,22,7518664,10774737,7644983,3389325,0,10774737,0,0,145706,171529,74595,0,171529,0,0
2021-06-08,2021-06-07,23,7966492,10907972,7330157,3577815,7966492,0,1258441,1683039,447828,133235,188490,0,133235,0,0