"date_of_update","date","week","total_registerd","total_estimated","people_vaccinated","people_fully_vaccinated","ggd_total","hosp_total","care_total","ha_total","registerd_new","estimated_new","people_fully_vaccinated_new","ggd_new","hosp_new","care_new","ha_new"
2021-01-07,2021-01-06,1,6000,6000,6000,0,0,6000,0,0,0,0,0,0,6000,0,0
2021-01-08,2021-01-07,1,15000,15000,15000,0,0,15000,0,0,9000,0,0,0,9000,0,0
2021-01-09,2021-01-08,1,27000,27000,27000,0,1000,26000,0,0,12000,0,0,1000,11000,0,0
2021-01-10,2021-01-09,1,30000,30000,30000,0,0,30000,0,0,3000,0,0,500,4000,0,0
2021-01-11,2021-01-10,1,31000,31000,31000,0,0,31000,0,0,1000,0,0,500,1000,0,0
2021-01-12,2021-01-11,2,35500,35500,35500,0,1500,34000,0,0,4500,0,0,500,3000,0,0
2021-01-13,2021-01-12,2,45000,45000,45000,0,7000,38000,0,0,9500,0,0,5500,4000,0,0
2021-01-14,2021-01-13,2,47000,47000,47000,0,0,39000,0,0,2000,0,0,5000,1000,0,0
2021-01-15,2021-01-14,2,47000,47000,47000,0,0,40000,0,0,0,0,0,5000,1000,0,0
2021-01-16,2021-01-15,2,55000,55000,55000,0,15000,0,0,0,8000,0,0,5000,0,0,0
2021-01-17,2021-01-16,2,55000,55000,55000,0,15000,0,0,0,0,0,0,11000,0,5184,0
2021-01-18,2021-01-17,2,77000,77000,77000,0,37000,0,0,0,22000,0,0,11000,0,5184,0
2021-01-19,2021-01-18,3,77000,77000,77000,0,37000,0,0,0,0,0,0,10129,0,5184,0
2021-01-20,2021-01-19,3,77000,77000,77000,0,37000,0,0,0,0,0,0,10129,0,5184,0
2021-01-21,2021-01-20,3,100000,100000,100000,0,67388,0,0,0,23000,0,0,10130,0,5184,0
2021-01-22,2021-01-21,3,100000,100000,100000,0,77317,0,0,0,0,0,0,9929,0,5184,0
2021-01-23,2021-01-22,3,135000,135000,135000,0,87268,0,0,0,35000,0,0,9951,0,5184,0
2021-01-24,2021-01-23,3,135000,135000,135000,0,96906,0,0,0,0,0,0,9638,0,5184,0
2021-01-25,2021-01-24,3,147102,163931,150000,0,106886,40216,16829,0,12102,0,0,9980,0,5184,0
2021-01-26,2021-01-25,4,156809,173638,173638,0,116593,40216,16829,0,9707,9707,0,9707,0,5184,0
2021-01-27,2021-01-26,4,168527,185356,185356,0,128311,40216,16829,0,11718,11718,0,11718,0,5184,0
2021-01-28,2021-01-27,4,186621,203450,197250,6200,140205,46416,16829,0,18094,18094,6200,11894,6200,5184,0
2021-01-29,2021-01-28,4,198669,215498,209298,6200,152253,46416,16829,0,12048,12048,0,12048,0,5184,0
2021-01-30,2021-01-29,4,209469,226298,340590,6200,152253,57216,16829,0,10800,10800,0,0,10800,5184,0
2021-01-31,2021-01-30,4,247374,346790,330381,13500,176286,71088,89416,0,37905,120492,7300,24033,3500,5185,0
2021-02-01,2021-01-31,4,248055,343881,317381,26500,187339,60716,95826,0,681,-2909,13000,11053,12784,6410,0
2021-02-02,2021-02-01,5,277275,375908,341908,34000,203559,73716,98633,0,29220,32027,7500,16220,216,2807,0
2021-02-03,2021-02-02,5,303702,416093,378093,38000,222486,81216,112391,0,26427,40185,4000,18927,7500,13758,0
2021-02-04,2021-02-03,5,330494,454998,416998,38000,245278,85216,124504,0,26792,38905,0,22792,4000,12113,0
2021-02-05,2021-02-04,5,356517,495535,456035,39500,269801,86716,139018,0,26023,40537,1500,24523,1500,14514,0
2021-02-06,2021-02-05,5,382975,532717,493217,39500,295159,87816,149742,0,26458,37182,0,25358,1100,10724,0
2021-02-07,2021-02-06,5,414198,568863,513863,55000,320982,93216,154665,0,31223,36146,15500,25823,5400,4923,0
2021-02-08,2021-02-07,6,414858,571361,504952,66409,321042,93816,156503,0,660,2498,0,60,600,1838,0
2021-02-09,2021-02-08,6,434417,595934,529525,66409,340601,93816,161517,0,19559,24573,0,19559,0,5014,0
2021-02-10,2021-02-09,6,460252,626146,559737,66409,366436,93816,165894,0,25835,30212,0,25835,0,4377,0
2021-02-11,2021-02-10,6,489558,660284,593875,66409,395742,93816,170726,0,29306,34138,0,29306,0,4832,0
2021-02-12,2021-02-11,6,518710,694888,612536,82352,424894,93816,176178,0,29152,34604,15943,29152,0,5452,0
2021-02-13,2021-02-12,6,548430,725175,642823,82352,454614,93816,176745,0,29720,30287,0,29720,0,567,0
2021-02-14,2021-02-13,6,577620,754365,617459,136906,483804,93816,176745,0,29190,29190,54554,29190,0,0,0
2021-02-15,2021-02-14,6,606861,783606,636934,146672,512392,94469,176745,0,29241,29241,9766,28588,653,0,0
2021-02-16,2021-02-15,7,623539,800905,644312,156593,528988,94551,177366,0,16678,17299,9921,16596,82,621,0
2021-02-17,2021-02-16,7,654186,835929,667687,168242,559635,94551,180270,1473,30647,35024,11649,30647,0,2904,1473
2021-02-18,2021-02-17,7,687306,874959,694959,180000,592755,94551,184706,2947,33120,39030,11758,33120,0,4436,1474
2021-02-19,2021-02-18,7,719632,915713,723460,192253,625081,94551,189142,6939,32326,40754,12253,32326,0,4436,3992
2021-02-20,2021-02-19,7,750899,958445,736192,222253,656348,94551,194160,13386,31267,42732,30000,31267,0,5018,6447
2021-02-21,2021-02-20,7,779889,987435,754182,233253,685338,94551,194160,13386,28990,28990,11000,28990,0,0,0
2021-02-22,2021-02-21,8,806744,1014290,781037,233253,712193,94551,194160,13386,26855,26855,11000,26855,0,0,0
2021-02-23,2021-02-22,8,835554,1062871,829618,233253,741003,94551,207483,19834,28810,48581,0,28810,0,13323,6448
2021-02-24,2021-02-23,8,862964,1112536,878283,234253,768413,94551,223290,26282,27410,49665,1000,27410,0,15807,6448
2021-02-25,2021-02-24,8,891621,1169302,876977,292325,794070,97551,241430,36251,28657,56766,58072,25657,3000,18140,9969
2021-02-26,2021-02-25,8,915793,1236192,927144,309048,818242,97551,270803,49596,24172,66890,16723,24172,0,29373,13345
2021-02-27,2021-02-26,8,934595,1285742,964307,321435,837044,97551,288228,62919,18802,49550,12387,18802,0,17425,13323
2021-02-28,2021-02-27,8,952919,1319008,989256,329752,855368,97551,303170,62919,18324,33266,8317,18324,0,14942,0
2021-03-01,2021-02-28,8,968765,1336670,1002503,334167,871214,97551,304902,63003,15846,17662,4415,15846,0,1732,84
2021-03-02,2021-03-01,9,990389,1379655,1034742,344913,892838,97551,311216,78050,21624,42985,10746,21624,0,6314,15047
2021-03-03,2021-03-02,9,1011426,1425319,1068990,356329,913875,97551,323345,90548,21037,45664,11416,21037,0,12129,12498
2021-03-04,2021-03-03,9,1031922,1470623,1102968,367655,934371,97551,338111,100590,20496,45304,11326,20496,0,14766,10042
2021-03-05,2021-03-04,9,1054615,1527014,1145261,381753,954564,100051,361767,110632,22693,56391,14098,20193,2500,23656,10042
2021-03-06,2021-03-05,9,1074650,1571318,1178489,392829,974599,100051,375994,120674,20035,44304,11076,20035,0,14227,10042
2021-03-07,2021-03-06,9,1094332,1596256,1197192,399064,994281,100051,381250,120674,19682,24938,6235,19682,0,5256,0
2021-03-08,2021-03-07,9,1116491,1620090,1279872,340218,1013640,102851,382925,120674,22159,23834,-58846,19359,2800,1675,0
2021-03-09,2021-03-08,10,1142359,1656245,1242184,414061,1039508,102851,386555,127331,25868,36155,73843,25868,0,3630,6657
2021-03-10,2021-03-09,10,1175502,1696498,1272374,424124,1067651,107851,390436,130560,33143,40253,10063,28143,5000,3881,3229
2021-03-11,2021-03-10,10,1206947,1740095,1305072,435023,1099096,107851,394939,138209,31445,43597,10899,31445,0,4503,7649
2021-03-12,2021-03-11,10,1238446,1784735,1338552,446183,1130595,107851,399783,146506,31499,44640,11160,31499,0,4844,8297
2021-03-13,2021-03-12,10,1273892,1832962,1374722,458240,1166041,107851,404267,154803,35446,48227,12057,35446,0,4484,8297
2021-03-14,2021-03-13,10,1306477,1865547,1399161,466386,1198626,107851,404267,154803,32585,32585,8146,32585,0,0,0
2021-03-15,2021-03-14,10,1333619,1892689,1419517,473172,1225768,107851,404267,154803,27142,27142,6786,27142,0,0,0
2021-03-16,2021-03-15,11,1355237,1915572,1417524,498048,1247386,107851,405532,154803,21618,22883,24876,21618,0,1265,0
2021-03-17,2021-03-16,11,1385181,1946639,1440513,506126,1277330,107851,406655,154803,29944,31067,8078,29944,0,1123,0
2021-03-18,2021-03-17,11,1410860,1977224,1463146,514078,1302259,108601,411561,154803,25679,30585,7952,24929,750,4906,0
2021-03-19,2021-03-18,11,1438790,2008275,1486124,522151,1330189,108601,414682,154803,27930,31051,8073,27930,0,3121,0
2021-03-20,2021-03-19,11,1467492,2040932,1510290,530642,1358891,108601,418637,154803,28702,32657,8491,28702,0,3955,0
2021-03-21,2021-03-20,11,1497034,2070474,1532151,538323,1388433,108601,418637,154803,29542,29542,7681,29542,0,0,0
2021-03-22,2021-03-21,11,1524791,2098236,1552695,545541,1416190,108601,418642,154803,27757,27762,7218,27757,0,5,0
2021-03-23,2021-03-22,12,1545680,2122429,1509048,613381,1437079,108601,421946,154803,20889,24193,67840,20889,0,3304,0
2021-03-24,2021-03-23,12,1568271,2166469,1540360,626109,1459670,108601,443395,154803,22591,44040,12728,22591,0,21449,0
2021-03-25,2021-03-24,12,1598336,2224463,1581594,642869,1489735,108601,456610,169517,30065,57994,16760,30065,0,13215,14714
2021-03-26,2021-03-25,12,1630405,2268139,1612647,655492,1521804,108601,453503,184231,32069,43676,12623,32069,0,-3107,14714
2021-03-27,2021-03-26,12,1660175,2323611,1652088,671523,1551574,108601,464491,198945,29770,55472,16031,29770,0,10988,14714
2021-03-28,2021-03-27,12,1692022,2355458,1695930,659528,1583421,108601,464491,198945,31847,31847,-11995,31847,0,0,0
2021-03-29,2021-03-28,12,1712853,2378806,1712741,666065,1604252,108601,467008,198945,20831,23348,6537,20831,0,2517,0
2021-03-30,2021-03-29,13,1750355,2440088,1732463,707625,1641754,108601,476074,213659,37502,61282,41560,37502,0,9066,14714
2021-03-31,2021-03-30,13,1788530,2505283,1778751,726532,1679929,108601,484629,232124,38175,65195,18907,38175,0,8555,18465
2021-04-01,2021-03-31,13,1826740,2577660,1830139,747521,1718139,108601,497008,253912,38210,72377,20989,38210,0,12379,21788
2021-04-02,2021-04-01,13,1868323,2664138,1891538,772600,1759722,108601,517680,278135,41583,86478,25079,41583,0,20672,24223
2021-04-03,2021-04-02,13,1911011,2742044,1946852,795192,1802410,108601,533242,297791,42688,77906,22592,42688,0,15562,19656
2021-04-04,2021-04-03,13,1949866,2783295,1976140,807155,1841265,108601,535638,297791,38855,41251,11963,38855,0,2396,0
2021-04-05,2021-04-04,13,1986283,2819712,2001996,817716,1877682,108601,535638,297791,36417,36417,10561,36417,0,0,0
