date,Twente - 1e prik,Twente - volledig,GooiVecht - 1e prik,GooiVecht - volledig,HollandsMidden - 1e prik,HollandsMidden - volledig,HM-one,HM-new-vol,Hollands-Noorden - 1e prik,Hollands-Noorden - volledig,HN-new-one,HN-new-vol,Flevoland - 1e prik,Flevoland - volledig,regios-tot-een,regios-tot-vol,total_registerd,total_estimated,people_vaccinated,people_fully_vaccinated,ggd_total,weekcheck,eerst prik%,tweede prik%,verhouding,verhouding-lag,,,,,,Drenthe - totaal
2021-01-06,,,,,,,,,,,,,,,0,0,6000,0,6000,0,0,,,,,,,,,,,
2021-01-07,,,,,,,,,,,,,,,0,0,15000,0,15000,0,0,,,,,,,,,,,
2021-01-08,,,,,,,,,,,,,1,,1,0,27000,0,27000,0,1000,,0.10%,,0.00%,,,,,,,
2021-01-09,,,,,,,,,,,,,3,,0,0,30000,0,30000,0,0,,#DIV/0!,,#DIV/0!,,,,,,,
2021-01-10,,,,,3,,,,,,,,4,,3,0,31000,0,31000,0,0,,#DIV/0!,,0.00%,,,,,,,
2021-01-11,,,,,3,,,,,,,,20,,3,0,35500,0,35500,0,1500,,0.20%,,0.00%,,,,,,,
2021-01-12,,,,,3,,,,,,,,36,,3,0,45000,0,45000,0,7000,,0.04%,,0.00%,,,,,,,
2021-01-13,,,,,3,,,,,,,,46,,3,0,47000,0,47000,0,0,,#DIV/0!,,0.00%,,,,,,,
2021-01-14,,,,,3,,,,0,,,,57,,3,0,47000,0,47000,0,0,,#DIV/0!,,0.00%,,,,,,,
2021-01-15,135,,,,3,,,,303,,303,,292,,138,0,55000,0,55000,0,15000,,0.92%,,0.00%,,,,,,,
2021-01-16,344,,,,3,,,,618,,315,,514,,347,0,55000,0,55000,0,15000,,2.31%,,0.00%,,,,,,,
2021-01-17,607,,,,1270,,,,922,,304,,782,,1877,0,77000,0,77000,0,37000,,5.07%,,0.00%,,,,,,,
2021-01-18,938,,,,1270,,,,1255,,333,,1055,,2208,0,77000,0,77000,0,37000,,5.97%,,0.00%,,,,,,,
2021-01-19,1209,,,,1270,,,,1589,,334,,1347,,2479,0,77000,0,77000,0,37000,,6.70%,,0.00%,,,,,,,
2021-01-20,1516,,,,1270,,,,1935,,346,,1588,,2786,0,100000,0,100000,0,67388,,4.13%,,0.00%,,,,,,,
2021-01-21,1758,,,,1270,,,,2281,,346,,1855,,3028,0,100000,0,100000,0,77317,,3.92%,,0.00%,,,,,,,
2021-01-22,2055,,,,1270,,,,2627,,346,,2101,,3325,0,135000,0,135000,0,87268,,3.81%,,0.00%,,,,,,,
2021-01-23,2289,,,,1270,,,,2967,,340,,2306,,3559,0,135000,0,135000,0,96906,,3.67%,,0.00%,,,,,,,
2021-01-24,2600,,,,4193,,,,3302,,335,,2511,,6793,0,147102,163931,150000,0,106886,,6.36%,,0.00%,,,,,,,
2021-01-25,2877,,,,4193,,,,3637,,335,,2719,,7070,0,156809,173638,173638,0,116593,,6.06%,,0.00%,,,,,,,
2021-01-26,3236,,,,4193,,,,3973,,336,,2918,,7429,0,168527,185356,185356,0,128311,,5.79%,,0.00%,,,,,,,
2021-01-27,3568,,,,4193,,,,4306,,333,,3070,,7761,0,186621,203450,197250,6200,140205,,5.54%,0.00%,0.00%,,,,,,,
2021-01-28,3948,,,,4193,,,,4640,,334,,3268,,8141,0,198669,215498,209298,6200,152253,,5.35%,0.00%,0.00%,,,,,,,
2021-01-29,4309,,,,4193,,,,4978,,338,,3459,,8502,0,209469,226298,340590,6200,152253,,5.58%,0.00%,0.00%,0.00%,,,,,,
2021-01-30,4721,,,,4193,,,,5425,,447,,3676,,8914,0,247374,346790,330381,13500,176286,,5.06%,0.00%,0.00%,#DIV/0!,,,,,,
2021-01-31,5122,1,,,7890,2,,,5864,,439,,3882,,13012,3,248055,343881,317381,26500,187339,,6.95%,0.01%,0.02%,100.00%,"783,438",,,,,
2021-02-01,5795,2,,,7890,2,,,6411,,547,3,4110,,13685,4,277275,375908,341908,34000,203559,,6.72%,0.01%,0.03%,133.33%,628993,,,,,
2021-02-02,6589,2,,,7890,2,,,7045,,634,,4356,,14479,4,303702,416093,378093,38000,222486,,6.51%,0.01%,0.03%,133.33%,154445,,,,,
2021-02-03,7654,2,,,7890,2,,,8046,,1001,,4562,,15544,4,330494,454998,416998,38000,245278,,6.34%,0.01%,0.03%,133.33%,19.71%,,,,,
2021-02-04,8634,2,,,7890,2,,,9129,0,1083,,4759,,16524,4,356517,495535,456035,39500,269801,,6.12%,0.01%,0.02%,133.33%,"164,793",,,,,
2021-02-05,9348,124,6964,291,7890,2,,,9928,285,799,285,5020,,24202,417,382975,532717,493217,39500,295159,,8.20%,1.06%,1.72%,302.17%,167186,,,,,
2021-02-06,10034,316,7107,562,7890,2,,,10711,595,783,310,5241,,25031,880,414198,568863,513863,55000,320982,,7.80%,1.60%,3.52%,253.60%,,,,,,
2021-02-07,10034,316,7107,562,12995,864,,,10711,595,0,0,5238,,30136,1742,414858,571361,504952,66409,321042,66409,9.39%,2.62%,5.78%,92.81%,,,11.62%,,,
2021-02-08,10557,568,7238,822,13492,1272,497,408,10718,613,7,18,5290,,31287,2662,434417,595934,529525,66409,340601,,9.19%,4.01%,8.51%,120.56%,,,,,,
2021-02-09,11216,830,7378,1040,14384,1771,892,499,10718,616,0,3,5372,,32978,3641,460252,626146,559737,66409,366436,,9.00%,5.48%,11.04%,146.87%,,,,,,
2021-02-10,11967,1139,7522,1381,15348,2288,964,517,11416,1049,698,433,5451,,34837,4808,489558,660284,593875,66409,395742,,8.80%,7.24%,13.80%,172.58%,,,,,,
2021-02-11,12701,1367,7958,1975,16261,2794,913,506,12103,1497,687,448,5593,,36920,6136,518710,694888,612536,82352,424894,,8.69%,7.45%,16.62%,202.64%,,,,,,
2021-02-12,13458,1639,8095,2277,17220,3291,959,497,12783,1949,680,452,5801,,38773,7207,548430,725175,642823,82352,454614,,8.53%,8.75%,18.59%,216.75%,,,,,,
2021-02-13,14201,1867,8237,2576,18321,3706,1101,415,13335,2531,552,582,6012,,40759,8149,577620,754365,617459,136906,483804,,8.42%,5.95%,19.99%,228.97%,,,,,,
2021-02-14,14869,2137,8420,2758,19432,4131,,,13866,3069,531,538,6220,,42721,9026,606861,783606,636934,146672,512392,154445,8.34%,6.15%,21.13%,132.87%,30.14%,,19.71%,,17765,
2021-02-15,15344,2234,8739,3021,19833,4403,411,272,14279,3350,413,281,6334,,43916,9658,623539,800905,644312,156593,528988,,8.30%,6.17%,21.99%,136.61%,,,,,17765,
2021-02-16,16080,2567,8739,3021,20707,4846,874,443,14883,3763,604,413,6464,,45526,10434,654186,835929,667687,168242,559635,,8.13%,6.20%,22.92%,128.17%,"168,685",,,,17765,
2021-02-17,16761,2897,8991,3302,21718,5272,1011,426,15722,4133,839,370,6686,,47470,11471,687306,874959,694959,180000,592755,,8.01%,6.37%,24.16%,134.92%,,,,,17765,
2021-02-18,16761,2897,9245,3595,22790,5698,1072,426,16598,4482,876,349,7044,,48796,12190,719632,915713,723460,192253,625081,,7.81%,6.34%,24.98%,136.75%,,,,,17765,
2021-02-19,16761,2897,9498,3887,23762,6122,972,424,17492,4825,894,343,7318,,50021,12906,750899,958445,736192,222253,656348,,7.62%,5.81%,25.80%,99.19%,,,,,17765,
2021-02-20,16761,2897,9750,4104,24693,6544,931,422,19013,5156,1521,331,7492,,51204,13545,779889,987435,754182,233253,685338,,7.47%,5.81%,26.45%,98.98%,,,,,17765,
2021-02-21,19967,4268,9994,4395,24693,6544,,,20542,5471,1529,315,7693,,54654,15207,806744,1014290,781037,233253,712193,218713,7.67%,6.52%,27.82%,105.03%,,795577,21.56%,,24686,
2021-02-22,19967,4268,10406,4680,25516,6952,,,21645,5790,1103,319,8187,,55889,15900,835554,1062871,829618,233253,741003,,7.54%,6.82%,28.45%,102.29%,,,,,24686,
2021-02-23,19967,4268,10815,4958,26264,7324,748,372,22429,6115,784,325,8599,,57046,16550,862964,1112536,878283,234253,768413,,7.42%,7.07%,29.01%,100.16%,,,,278134,24686,
2021-02-24,22274,5252,11229,5240,26861,7719,597,395,23177,6427,748,312,8704,,60364,18211,891621,1169302,876977,292325,,,,,30.17%,,,,,,24686,
2021-02-25,22274,5252,11642,5521,27430,8102,569,383,23177,6427,,,9001,,61346,18875,915793,1236192,927144,309048,,,,,30.77%,,,,,,24686,
2021-02-26,22274,5252,12054,5543,27928,8491,498,389,23177,6427,,,9392,,62256,19286,934595,1285742,964307,321435,,,,,30.98%,,,,,,24686,
2021-02-27,22274,5252,12054,5543,28464,8585,536,94,23177,6427,,,9936,,62792,19380,952919,1319008,989256,329752,,,,,30.86%,,,,,,24686,
2021-02-28,25421,5675,12878,5571,28957,8623,493,38,23177,6427,,,10492,,67256,19869,968765,1336670,1002503,334167,,331671,,,29.54%,,,,24.81%,,31022,
2021-03-01,25421,5675,13379,5586,29475,8643,,,27415,6789,,,10551,,95690,26693,990389,1379655,1034742,344913,,,,,27.90%,,,,,,31022,
2021-03-02,25421,5675,13857,5595,30493,8654,1018,11,27415,6789,,,10597,,97186,26713,,,,,,,,,27.49%,,,,,,31022,
2021-03-03,25421,5675,13857,5595,30493,8654,,,27415,6789,,,10649,,97186,26713,,,,,,,,,27.49%,,,,,,31022,
2021-03-04,28396,6141,14617,5602,30493,8654,,,27415,6789,,,11031,,100921,27186,,,,,,,,,26.94%,,,,,,31022,
2021-03-05,28396,6141,14888,5611,30493,8654,,,27415,6789,,,11605,,101192,27195,,,,,,,,,26.87%,,,,,,31022,
2021-03-06,28396,6141,15169,5619,30493,8654,,,27415,6789,,,12147,,101473,27203,,,,,, ,,,26.81%,,,,,,31022,
2021-03-07,30089,6324,15438,5324,44260,12694,,,34194,7275,,,12655,,123981,31617,1207904,1619839,,,,411935,,,25.50%,,,,25.43%,,37635,
2021-03-08,30089,6324,15438,5324,44260,12694,,,,,,,12778,,89787,24342,,,,,,,,,27.11%,,,,,,,
2021-03-09,32418,7701,16165,5937,44260,12694,,,,,,,12865,,92843,26332,,,,,,,,,28.36%,,,,,,,
2021-03-10,32418,7701,16534,6085,44260,12694,,,,,,,13099,,93212,26480,,,,,,,,,28.41%,,,,,,,
2021-03-11,32418,7701,16899,6243,44260,12694,,,,,,,13099,,93577,26638,,,,,,,,,28.47%,,,,,,,
2021-03-12,32418,7701,17250,6390,44260,12694,,,,,,,13726,,93928,26785,,,,,,,,,28.52%,,,,,,,
2021-03-13,32418,7701,17250,6390,44260,12694,,,,,7019,,14515,,93928,26785,,,,,,,,,28.52%,,,,,,,
2021-03-14,35481,9975,17958,6618,53136,17413,,,,,,,14519,,106575,34006,1394603,1887726,,,,493123,,,31.91%,,,,26.12%,,35392,9891
2021-03-15,35481,9975,18207,6764,,,,,,,,,,,53688,16739,,,,,,,,,31.18%,,,,,,,
2021-03-16,35481,9975,18207,6764,,,,,,,,,,,,,,,,,,,,,,,,,,,,
2021-03-17,36404,1181,18713,7081,,,,,,,,,14564,,,,,,,,,,,,,,,,,,,
2021-03-18,,,18957,7253,,,,,,,,,14784,,,,,,,,,,,,,,,,,,,
2021-03-19,,,,,,,,,,,,,,,,,,,,,,,,,,,,,,,,